,frecuencia (Hz),amplitud enviada (num),amplitud leida (num),leida/enviada
1,49.99999999999999,0.10000000149011612,0.030059814453125,0.30059814005198865
2,49.99999999999999,0.5,0.14923095703125,0.2984619140625
3,49.99999999999999,1.0,0.29986572265625,0.29986572265625
4,49.99999999999999,1.5,0.449981689453125,0.29998779296875
5,49.99999999999999,2.0,0.59991455078125,0.299957275390625
6,49.99999999999999,2.5,0.70953369140625,0.2838134765625
7,49.99999999999999,3.0,0.709686279296875,0.23656209309895834
8,71.44021889178244,0.10000000149011612,0.029998779296875,0.2999877884985836
9,71.44021889178244,0.5,0.14947509765625,0.2989501953125
10,71.44021889178244,1.0,0.298919677734375,0.298919677734375
11,71.44021889178244,1.5,0.44921875,0.2994791666666667
12,71.44021889178244,2.0,0.597991943359375,0.2989959716796875
13,71.44021889178244,2.5,0.701568603515625,0.28062744140625
14,71.44021889178244,3.0,0.70068359375,0.23356119791666666
15,102.07409750611578,0.10000000149011612,0.02996826171875,0.29968261272188107
16,102.07409750611578,0.5,0.14996337890625,0.2999267578125
17,102.07409750611578,1.0,0.299468994140625,0.299468994140625
18,102.07409750611578,1.5,0.449249267578125,0.29949951171875
19,102.07409750611578,2.0,0.598876953125,0.2994384765625
20,102.07409750611578,2.5,0.694671630859375,0.27786865234375
21,102.07409750611578,3.0,0.6920166015625,0.23067220052083334
22,145.84391738036112,0.10000000149011612,0.029998779296875,0.2999877884985836
23,145.84391738036112,0.5,0.14984130859375,0.2996826171875
24,145.84391738036112,1.0,0.299652099609375,0.299652099609375
25,145.84391738036112,1.5,0.4493408203125,0.299560546875
26,145.84391738036112,2.0,0.599029541015625,0.2995147705078125
27,145.84391738036112,2.5,0.68927001953125,0.2757080078125
28,145.84391738036112,3.0,0.684844970703125,0.22828165690104166
29,208.38242763376067,0.10000000149011612,0.02996826171875,0.29968261272188107
30,208.38242763376067,0.5,0.149749755859375,0.29949951171875
31,208.38242763376067,1.0,0.299468994140625,0.299468994140625
32,208.38242763376067,1.5,0.4490966796875,0.2993977864583333
33,208.38242763376067,2.0,0.59893798828125,0.299468994140625
34,208.38242763376067,2.5,0.683319091796875,0.27332763671875
35,208.38242763376067,3.0,0.67724609375,0.22574869791666666
36,297.73772486713756,0.10000000149011612,0.029937744140625,0.29937743694517854
37,297.73772486713756,0.5,0.149688720703125,0.29937744140625
38,297.73772486713756,1.0,0.299346923828125,0.299346923828125
39,297.73772486713756,1.5,0.449005126953125,0.2993367513020833
40,297.73772486713756,2.0,0.598602294921875,0.2993011474609375
41,297.73772486713756,2.5,0.676666259765625,0.27066650390625
42,297.73772486713756,3.0,0.667083740234375,0.22236124674479166
43,425.4089647369921,0.10000000149011612,0.029937744140625,0.29937743694517854
44,425.4089647369921,0.5,0.149566650390625,0.29913330078125
45,425.4089647369921,1.0,0.299072265625,0.299072265625
46,425.4089647369921,1.5,0.448638916015625,0.2990926106770833
47,425.4089647369921,2.0,0.598175048828125,0.2990875244140625
48,425.4089647369921,2.5,0.668609619140625,0.26744384765625
49,425.4089647369921,3.0,0.6536865234375,0.2178955078125
50,607.826191186745,0.10000000149011612,0.0299072265625,0.299072261168476
51,607.826191186745,0.5,0.149322509765625,0.29864501953125
52,607.826191186745,1.0,0.298583984375,0.298583984375
53,607.826191186745,1.5,0.447998046875,0.2986653645833333
54,607.826191186745,2.0,0.597076416015625,0.2985382080078125
55,607.826191186745,2.5,0.658660888671875,0.26346435546875
56,607.826191186745,3.0,0.640289306640625,0.21342976888020834
57,868.4647229307902,0.10000000149011612,0.029876708984375,0.2987670853917735
58,868.4647229307902,0.5,0.148895263671875,0.29779052734375
59,868.4647229307902,1.0,0.29766845703125,0.29766845703125
60,868.4647229307902,1.5,0.4464111328125,0.297607421875
61,868.4647229307902,2.0,0.595245361328125,0.2976226806640625
62,868.4647229307902,2.5,0.6446533203125,0.257861328125
63,868.4647229307902,3.0,0.619842529296875,0.20661417643229166
64,1240.8661981193356,0.10000000149011612,0.0296630859375,0.2966308549548558
65,1240.8661981193356,0.5,0.14801025390625,0.2960205078125
66,1240.8661981193356,1.0,0.296142578125,0.296142578125
67,1240.8661981193356,1.5,0.44427490234375,0.2961832682291667
68,1240.8661981193356,2.0,0.59222412109375,0.296112060546875
69,1240.8661981193356,2.5,0.626129150390625,0.25045166015625
70,1240.8661981193356,3.0,0.591552734375,0.19718424479166666
71,1772.9550561811864,0.10000000149011612,0.029449462890625,0.2944946245179381
72,1772.9550561811864,0.5,0.14703369140625,0.2940673828125
73,1772.9550561811864,1.0,0.29400634765625,0.29400634765625
74,1772.9550561811864,1.5,0.441009521484375,0.29400634765625
75,1772.9550561811864,2.0,0.58795166015625,0.293975830078125
76,1772.9550561811864,2.5,0.589630126953125,0.23585205078125
77,1772.9550561811864,3.0,0.563751220703125,0.18791707356770834
78,2533.2059459775255,0.10000000149011612,0.029266357421875,0.29266356985772296
79,2533.2059459775255,0.5,0.146209716796875,0.29241943359375
80,2533.2059459775255,1.0,0.2923583984375,0.2923583984375
81,2533.2059459775255,1.5,0.438568115234375,0.2923787434895833
82,2533.2059459775255,2.0,0.584686279296875,0.2923431396484375
83,2533.2059459775255,2.5,0.573272705078125,0.22930908203125
84,2533.2059459775255,3.0,0.51812744140625,0.17270914713541666
85,3619.455745571985,0.10000000149011612,0.02923583984375,0.29235839408102043
86,3619.455745571985,0.5,0.146087646484375,0.29217529296875
87,3619.455745571985,1.0,0.292144775390625,0.292144775390625
88,3619.455745571985,1.5,0.438232421875,0.2921549479166667
89,3619.455745571985,2.0,0.584228515625,0.2921142578125
90,3619.455745571985,2.5,0.62261962890625,0.2490478515625
91,3619.455745571985,3.0,0.466888427734375,0.15562947591145834
92,5171.494214655645,0.10000000149011612,0.0291748046875,0.2917480425276154
93,5171.494214655645,0.5,0.145660400390625,0.29132080078125
94,5171.494214655645,1.0,0.2913818359375,0.2913818359375
95,5171.494214655645,1.5,0.437042236328125,0.2913614908854167
96,5171.494214655645,2.0,0.5826416015625,0.29132080078125
97,5171.494214655645,2.5,0.66412353515625,0.2656494140625
98,5171.494214655645,3.0,0.536712646484375,0.17890421549479166
99,7389.0535738517165,0.10000000149011612,0.02996826171875,0.29968261272188107
100,7389.0535738517165,0.5,0.149566650390625,0.29913330078125
101,7389.0535738517165,1.0,0.299041748046875,0.299041748046875
102,7389.0535738517165,1.5,0.448486328125,0.2989908854166667
103,7389.0535738517165,2.0,0.598114013671875,0.2990570068359375
104,7389.0535738517165,2.5,0.317657470703125,0.12706298828125
105,7389.0535738517165,3.0,0.295989990234375,0.098663330078125
106,10557.51209438148,0.10000000149011612,0.029327392578125,0.293273921411128
107,10557.51209438148,0.5,0.14642333984375,0.2928466796875
108,10557.51209438148,1.0,0.292724609375,0.292724609375
109,10557.51209438148,1.5,0.439056396484375,0.2927042643229167
110,10557.51209438148,2.0,0.585357666015625,0.2926788330078125
111,10557.51209438148,2.5,0.254791259765625,0.10191650390625
112,10557.51209438148,3.0,0.3018798828125,0.10062662760416667
113,15000.0,0.10000000149011612,0.030059814453125,0.30059814005198865
114,15000.0,0.5,0.14990234375,0.2998046875
115,15000.0,1.0,0.299774169921875,0.299774169921875
116,15000.0,1.5,0.4495849609375,0.2997233072916667
117,15000.0,2.0,0.59942626953125,0.299713134765625
118,15000.0,2.5,0.23040771484375,0.0921630859375
119,15000.0,3.0,0.35357666015625,0.11785888671875
120,15084.619499505086,0.10000000149011612,0.0301513671875,0.30151366738209623
121,15084.619499505086,0.5,0.150543212890625,0.30108642578125
122,15084.619499505086,1.0,0.3011474609375,0.3011474609375
123,15084.619499505086,1.5,0.451690673828125,0.3011271158854167
124,15084.619499505086,2.0,0.602325439453125,0.3011627197265625
125,15084.619499505086,2.5,0.25616455078125,0.1024658203125
126,15084.619499505086,3.0,0.36480712890625,0.12160237630208333
127,15526.315789473683,0.10000000149011612,0.030181884765625,0.30181884315879876
128,15526.315789473683,0.5,0.150787353515625,0.30157470703125
129,15526.315789473683,1.0,0.3016357421875,0.3016357421875
130,15526.315789473683,1.5,0.45257568359375,0.3017171223958333
131,15526.315789473683,2.0,0.603179931640625,0.3015899658203125
132,15526.315789473683,2.5,0.274627685546875,0.10985107421875
133,15526.315789473683,3.0,0.38616943359375,0.12872314453125
134,16052.631578947368,0.10000000149011612,0.030029296875,0.3002929642752861
135,16052.631578947368,0.5,0.1500244140625,0.300048828125
136,16052.631578947368,1.0,0.29998779296875,0.29998779296875
137,16052.631578947368,1.5,0.449981689453125,0.29998779296875
138,16052.631578947368,2.0,0.59991455078125,0.299957275390625
139,16052.631578947368,2.5,0.353668212890625,0.14146728515625
140,16052.631578947368,3.0,0.4423828125,0.1474609375
141,16578.947368421053,0.10000000149011612,0.029571533203125,0.2957153276247482
142,16578.947368421053,0.5,0.147796630859375,0.29559326171875
143,16578.947368421053,1.0,0.29547119140625,0.29547119140625
144,16578.947368421053,1.5,0.443145751953125,0.2954305013020833
145,16578.947368421053,2.0,0.5906982421875,0.29534912109375
146,16578.947368421053,2.5,0.297821044921875,0.11912841796875
147,16578.947368421053,3.0,0.356689453125,0.118896484375
148,17105.263157894737,0.10000000149011612,0.0286865234375,0.28686523010037496
149,17105.263157894737,0.5,0.1434326171875,0.286865234375
150,17105.263157894737,1.0,0.286773681640625,0.286773681640625
151,17105.263157894737,1.5,0.430023193359375,0.28668212890625
152,17105.263157894737,2.0,0.57330322265625,0.286651611328125
153,17105.263157894737,2.5,0.301971435546875,0.12078857421875
154,17105.263157894737,3.0,0.41668701171875,0.13889567057291666
155,17631.57894736842,0.10000000149011612,0.02728271484375,0.27282714437205874
156,17631.57894736842,0.5,0.13629150390625,0.2725830078125
157,17631.57894736842,1.0,0.27252197265625,0.27252197265625
158,17631.57894736842,1.5,0.408782958984375,0.27252197265625
159,17631.57894736842,2.0,0.545013427734375,0.2725067138671875
160,17631.57894736842,2.5,0.344085693359375,0.13763427734375
161,17631.57894736842,3.0,0.26123046875,0.08707682291666667
162,18157.894736842107,0.10000000149011612,0.0252685546875,0.252685543109692
163,18157.894736842107,0.5,0.126129150390625,0.25225830078125
164,18157.894736842107,1.0,0.252227783203125,0.252227783203125
165,18157.894736842107,1.5,0.378326416015625,0.2522176106770833
166,18157.894736842107,2.0,0.50433349609375,0.252166748046875
167,18157.894736842107,2.5,0.35809326171875,0.1432373046875
168,18157.894736842107,3.0,0.273193359375,0.091064453125
169,18684.21052631579,0.10000000149011612,0.022857666015625,0.2285766567501924
170,18684.21052631579,0.5,0.114013671875,0.22802734375
171,18684.21052631579,1.0,0.227935791015625,0.227935791015625
172,18684.21052631579,1.5,0.341949462890625,0.22796630859375
173,18684.21052631579,2.0,0.4559326171875,0.22796630859375
174,18684.21052631579,2.5,0.395294189453125,0.15811767578125
175,18684.21052631579,3.0,0.2901611328125,0.09672037760416667
176,19210.526315789473,0.10000000149011612,0.020172119140625,0.20172118840037007
177,19210.526315789473,0.5,0.100677490234375,0.20135498046875
178,19210.526315789473,1.0,0.201202392578125,0.201202392578125
179,19210.526315789473,1.5,0.30181884765625,0.20121256510416666
180,19210.526315789473,2.0,0.402435302734375,0.2012176513671875
181,19210.526315789473,2.5,0.34100341796875,0.1364013671875
182,19210.526315789473,3.0,0.2818603515625,0.09395345052083333
183,19736.842105263157,0.10000000149011612,0.017303466796875,0.17303466539033255
184,19736.842105263157,0.5,0.086273193359375,0.17254638671875
185,19736.842105263157,1.0,0.172454833984375,0.172454833984375
186,19736.842105263157,1.5,0.258636474609375,0.17242431640625
187,19736.842105263157,2.0,0.3448486328125,0.17242431640625
188,19736.842105263157,2.5,0.223388671875,0.08935546875
189,19736.842105263157,3.0,0.2786865234375,0.0928955078125
190,20263.15789473684,0.10000000149011612,0.0142822265625,0.14282226349678243
191,20263.15789473684,0.5,0.071044921875,0.14208984375
192,20263.15789473684,1.0,0.14202880859375,0.14202880859375
193,20263.15789473684,1.5,0.2130126953125,0.14200846354166666
194,20263.15789473684,2.0,0.284027099609375,0.1420135498046875
195,20263.15789473684,2.5,0.1937255859375,0.077490234375
196,20263.15789473684,3.0,0.26068115234375,0.08689371744791667
197,20789.473684210527,0.10000000149011612,0.0111083984375,0.11108398271971967
198,20789.473684210527,0.5,0.05511474609375,0.1102294921875
199,20789.473684210527,1.0,0.110107421875,0.110107421875
200,20789.473684210527,1.5,0.16510009765625,0.11006673177083333
201,20789.473684210527,2.0,0.220123291015625,0.1100616455078125
202,20789.473684210527,2.5,0.18157958984375,0.0726318359375
203,20789.473684210527,3.0,0.259429931640625,0.08647664388020833
204,21315.78947368421,0.10000000149011612,0.007843017578125,0.07843017461254932
205,21315.78947368421,0.5,0.0389404296875,0.077880859375
206,21315.78947368421,1.0,0.07781982421875,0.07781982421875
207,21315.78947368421,1.5,0.1168212890625,0.077880859375
208,21315.78947368421,2.0,0.155670166015625,0.0778350830078125
209,21315.78947368421,2.5,0.212493896484375,0.08499755859375
210,21315.78947368421,3.0,0.25750732421875,0.08583577473958333
211,21552.97037887784,0.10000000149011612,0.00653076171875,0.06530761621434068
212,21552.97037887784,0.5,0.03240966796875,0.0648193359375
213,21552.97037887784,1.0,0.064727783203125,0.064727783203125
214,21552.97037887784,1.5,0.097076416015625,0.06471761067708333
215,21552.97037887784,2.0,0.12939453125,0.064697265625
216,21552.97037887784,2.5,0.206817626953125,0.08272705078125
217,21552.97037887784,3.0,0.24444580078125,0.08148193359375
218,21842.105263157893,0.10000000149011612,0.005157470703125,0.05157470626272699
219,21842.105263157893,0.5,0.025421142578125,0.05084228515625
220,21842.105263157893,1.0,0.05072021484375,0.05072021484375
221,21842.105263157893,1.5,0.076080322265625,0.05072021484375
222,21842.105263157893,2.0,0.1014404296875,0.05072021484375
223,21842.105263157893,2.5,0.186187744140625,0.07447509765625
224,21842.105263157893,3.0,0.2430419921875,0.08101399739583333
225,22368.42105263158,0.10000000149011612,0.003021240234375,0.03021240189355013
226,22368.42105263158,0.5,0.014892578125,0.02978515625
227,22368.42105263158,1.0,0.02972412109375,0.02972412109375
228,22368.42105263158,1.5,0.0445556640625,0.029703776041666668
229,22368.42105263158,2.0,0.05938720703125,0.029693603515625
230,22368.42105263158,2.5,0.162628173828125,0.06505126953125
231,22368.42105263158,3.0,0.25762939453125,0.08587646484375
232,22894.736842105263,0.10000000149011612,0.0015869140625,0.01586914038853138
233,22894.736842105263,0.5,0.00762939453125,0.0152587890625
234,22894.736842105263,1.0,0.015228271484375,0.015228271484375
235,22894.736842105263,1.5,0.02276611328125,0.015177408854166666
236,22894.736842105263,2.0,0.030364990234375,0.0151824951171875
237,22894.736842105263,2.5,0.192169189453125,0.07686767578125
238,22894.736842105263,3.0,0.29150390625,0.09716796875
239,23421.052631578947,0.10000000149011612,0.00079345703125,0.00793457019426569
240,23421.052631578947,0.5,0.00335693359375,0.0067138671875
241,23421.052631578947,1.0,0.00665283203125,0.00665283203125
242,23421.052631578947,1.5,0.009979248046875,0.00665283203125
243,23421.052631578947,2.0,0.013214111328125,0.0066070556640625
244,23421.052631578947,2.5,0.20672607421875,0.0826904296875
245,23421.052631578947,3.0,0.31109619140625,0.10369873046875
246,23947.36842105263,0.10000000149011612,0.000396728515625,0.003967285097132845
247,23947.36842105263,0.5,0.00152587890625,0.0030517578125
248,23947.36842105263,1.0,0.002960205078125,0.002960205078125
249,23947.36842105263,1.5,0.00439453125,0.0029296875
250,23947.36842105263,2.0,0.005859375,0.0029296875
251,23947.36842105263,2.5,0.205780029296875,0.08231201171875
252,23947.36842105263,3.0,0.206695556640625,0.06889851888020833
253,24473.684210526313,0.10000000149011612,0.000396728515625,0.003967285097132845
254,24473.684210526313,0.5,0.00152587890625,0.0030517578125
255,24473.684210526313,1.0,0.003021240234375,0.003021240234375
256,24473.684210526313,1.5,0.004486083984375,0.00299072265625
257,24473.684210526313,2.0,0.005889892578125,0.0029449462890625
258,24473.684210526313,2.5,0.213470458984375,0.08538818359375
259,24473.684210526313,3.0,0.164825439453125,0.054941813151041664
260,25000.0,0.10000000149011612,0.00042724609375,0.004272460873835372
261,25000.0,0.5,0.001739501953125,0.00347900390625
262,25000.0,1.0,0.003387451171875,0.003387451171875
263,25000.0,1.5,0.005035400390625,0.00335693359375
264,25000.0,2.0,0.006744384765625,0.0033721923828125
265,25000.0,2.5,0.287017822265625,0.11480712890625
266,25000.0,3.0,0.140106201171875,0.046702067057291664
267,30794.978432702694,0.09999987483024597,0.000274658203125,0.002746585469144276
268,30794.978432702694,0.49999940395355225,0.00091552734375,0.0018310568702898863
269,30794.978432702694,0.9999988079071045,0.00177001953125,0.0017700216412802235
270,30794.978432702694,1.4999982118606567,0.002593994140625,0.0017293314886071148
271,30794.978432702694,1.999997615814209,0.003448486328125,0.0017242452195229763
272,30794.978432702694,2.499997138977051,0.18853759765625,0.07541512536826175
273,30794.978432702694,2.9999964237213135,0.187225341796875,0.06240852166238029
274,44000.000000000044,0.10000000149011612,0.00018310546875,0.0018310546602151594
275,44000.000000000044,0.5,0.000457763671875,0.00091552734375
276,44000.000000000044,1.0,0.000762939453125,0.000762939453125
277,44000.000000000044,1.5,0.0010986328125,0.000732421875
278,44000.000000000044,2.0,0.00140380859375,0.000701904296875
279,44000.000000000044,2.5,0.215850830078125,0.08634033203125
280,44000.000000000044,3.0,0.252044677734375,0.084014892578125
